window.DUCK_SVD_DATA = {"rows":13,"cols":13,"rank":13,"original":[[255,255,255,150,150,150,150,255,255,255,255,255,255],[255,255,150,150,150,150,150,150,255,255,255,255,255],[255,150,150,150,150,150,150,150,150,255,255,255,255],[255,150,150,150,0,150,150,150,150,255,255,255,255],[80,80,80,150,150,150,150,150,150,255,255,255,255],[255,80,80,150,150,150,150,150,255,255,255,255,255],[255,255,255,150,150,150,150,255,255,255,255,150,150],[255,255,150,150,150,150,150,150,150,150,150,150,150],[255,150,150,150,150,150,150,150,150,150,150,150,255],[255,150,150,150,150,150,150,150,150,150,150,150,255],[255,150,150,150,150,150,150,150,150,150,150,255,255],[255,255,150,150,150,150,150,150,150,150,255,255,255],[255,255,255,150,150,150,150,150,150,255,255,255,255]],"u":[[-0.3275357108,0.1993623113,0.3036408921,-0.0379299554,0.0331414622,-0.1885748347,-0.621359816,-0.1468001958,0.0153655084,-0.0064704955,0.4118278213,0.360526582,-0.1232147474],[-0.3070675634,0.0001933469,0.1231331395,-0.0109349612,0.0692731931,0.5809240029,-0.1277568564,0.0986254143,0.5435717905,-0.2692764423,0.0946915386,-0.360526582,0.1232147474],[-0.2840671531,-0.2034656763,-0.0320307018,0.0969213302,-0.0046761324,-0.074562475,0.2545977164,0.4288184604,-0.3017633277,0.1607203381,0.6571095045,-0.2403510547,0.0821431649],[-0.2719810366,-0.2393996534,0.1149510345,0.546098219,-0.6218637255,-0.0804240635,0.1343995259,-0.3579361417,0.0443712262,-0.1159719519,-0.0499477724,0.0,-0.0],[-0.2447637705,-0.5612673446,0.2293943361,-0.1487223064,0.5431004521,-0.2624283059,0.2107667931,-0.3276404513,0.0605415521,-0.1603253364,-0.073228836,0.0,-0.0],[-0.2808103291,-0.4136243937,0.0372863072,-0.4459692525,-0.3237034257,0.3410374418,-0.0602409003,0.2507512269,-0.1740862445,0.1479312424,-0.2546272285,0.360526582,-0.1232147474],[-0.2992073787,0.4367677317,0.5169538175,-0.2912401471,-0.1267591998,-0.1437448064,0.2039596988,-0.0600394844,-0.1947342284,0.1813741268,-0.2640696385,-0.360526582,0.1232147474],[-0.2403095633,0.3835603474,-0.1795687293,-0.064378775,0.0954977737,0.2656681206,0.458098917,-0.1822865171,-0.2385046062,-0.4632540134,0.1389634229,0.360526582,-0.1232147474],[-0.2432315963,0.0823300434,-0.3866013272,-0.2240854371,-0.1138714122,-0.2733241551,0.0902020388,-0.0469500775,0.3437017356,0.13295703,0.0237343728,-0.2286768931,-0.6691090184],[-0.2432315963,0.0823300434,-0.3866013272,-0.2240854371,-0.1138714122,-0.2733241551,0.0902020388,-0.0469500775,0.3437017356,0.13295703,0.0237343728,0.2286768931,0.6691090184],[-0.2569613072,-0.0453301039,-0.4129057778,-0.0196946323,0.0206747382,-0.1128147158,-0.4401599303,-0.011031533,-0.4518079406,-0.3848966229,-0.2378714542,-0.360526582,0.1232147474],[-0.2824430654,0.0709466054,-0.2259221813,0.2991225119,0.3192571633,0.3606473123,-0.0570882058,-0.3159033429,-0.1503357964,0.636592846,-0.1085379019,0.0,-0.0],[-0.3059381221,0.1300333881,0.0667033621,0.4365336936,0.2327032495,-0.2152118453,0.0439147837,0.5876532849,0.139619118,-0.0657881695,-0.39801085,0.2403510547,-0.0821431649]],"s":[2484.4301263926,318.3292787677,230.3151947868,178.2731071395,151.6411111949,128.3489804395,91.9189731544,80.7930258491,64.867019717,58.8026893322,20.891221062,0.0,0.0],"vt":[[-0.3509823521,-0.2762825495,-0.2412116818,-0.2166018771,-0.2001807449,-0.2166018771,-0.2166018771,-0.2430900539,-0.2679356626,-0.3147104772,-0.3266474287,-0.3248619739,-0.3454214716],[0.246421348,0.5805265887,0.4305449984,-0.0365486429,0.0762589133,-0.0365486429,-0.0365486429,0.1732770281,0.0369079826,-0.251411161,-0.2280096266,-0.3870282156,-0.332715558],[-0.4306864493,0.0439224743,0.1726485272,-0.1508153787,-0.2256808481,-0.1508153787,-0.1508153787,0.223291265,0.2964260051,0.4692191779,0.3662219395,-0.0576982348,-0.410198984],[0.0195951629,0.3542134665,0.2223936883,-0.074350936,-0.5338410642,-0.074350936,-0.074350936,-0.2682268453,-0.5373360969,0.010908391,0.1870867516,0.3470227033,0.0830572486],[-0.611789136,0.3389882125,0.0038353423,0.0088063761,0.6239400829,0.0088063761,0.0088063761,-0.0560168263,-0.2321905183,-0.1288365962,0.0922248421,0.1943116928,0.0366170125],[0.2065553717,0.4078475974,-0.579773343,-0.0889751662,0.0050155261,-0.0889751662,-0.0889751662,-0.3608399072,0.3934002228,-0.1241403309,0.17089877,0.1962021227,-0.2510010601],[0.0967965678,0.0638524623,-0.2482882608,0.2929794536,0.0736566283,0.2929794536,0.2929794536,-0.1838210458,-0.3985728405,0.3367081758,0.271495724,-0.4642888343,-0.2582113783],[0.3003510878,-0.1985320834,0.3207487127,-0.2407808714,0.4237618994,-0.2407808714,-0.2407808714,-0.5095932619,-0.0555373957,0.3744996109,-0.0360537834,0.0276377895,-0.09439646],[-0.2433661733,0.2615704321,0.0111073185,-0.0470797275,-0.1496847796,-0.0470797275,-0.0470797275,-0.3374231977,0.260661661,0.1680213591,-0.0753266271,-0.4914508748,0.6212465297],[0.1586165067,-0.1490799454,0.0222293796,-0.187364947,0.1084683385,-0.187364947,-0.187364947,0.1249486817,-0.091729265,-0.4155807382,0.721140211,-0.2900113092,0.1848135096],[0.1711590177,0.2094558473,-0.4193868242,-0.2601522091,0.0984752658,-0.2601522091,-0.2601522091,0.4824855307,-0.3213567812,0.3617921256,-0.1837231251,-0.0520501444,0.1865294134],[0.0,-0.0,0.0,-0.7081976525,0.0,0.0021868149,0.7060108376,-0.0,0.0,-0.0,0.0,-0.0,0.0],[-0.0,-0.0,0.0,0.406352989,0.0,-0.8164936525,0.4101406635,-0.0,0.0,-0.0,0.0,-0.0,0.0]]};
