{
  "U": [
    [
      -0.3301871736197004,
      -0.1300547851325548,
      -0.00514183351976393,
      -0.08511950814719296,
      0.47177802396550145,
      0.09494643226651146,
      0.7660409306139097,
      0.018174978257401882,
      0.028202761681945226,
      0.21738595227863852
    ],
    [
      -0.3249504506252384,
      -0.038593550653256585,
      -0.13918357014018057,
      0.10539676394258875,
      0.2081171421213609,
      -0.4627098478118216,
      -0.07383795857522255,
      -0.33846741315311485,
      0.4823631105223255,
      -0.5023322068583695
    ],
    [
      -0.305354896330584,
      -0.14399356046361136,
      0.909301365718412,
      -0.1492121827451063,
      -0.16723486239803376,
      -0.06548302820980324,
      -0.0468004394088985,
      -0.023820195671118906,
      0.029615540464883683,
      -0.0322599346326665
    ],
    [
      -0.29306708269486337,
      0.8004934957237784,
      0.12660890496160346,
      0.33459860425787397,
      0.13973911523444826,
      0.33939047713078613,
      -0.07845420546394782,
      -0.0032697787988972857,
      0.06495854309580522,
      -0.015411850462655294
    ],
    [
      -0.31505961517048287,
      0.4034842757882356,
      -0.1966935151428167,
      -0.6832479190298378,
      -0.14488586756059874,
      -0.3815566951327789,
      -0.03868830755405386,
      0.09745210922585078,
      -0.19768649312668554,
      0.12558163004317907
    ],
    [
      -0.3202864495647162,
      -0.2848661935361817,
      -0.13258537986227492,
      -0.33299241994551343,
      0.3366208283274865,
      0.5228883795165631,
      -0.4371061194140091,
      0.23812956044175632,
      0.012368018206876902,
      -0.23056181980973783
    ],
    [
      -0.3124538968639033,
      -0.14643468321406505,
      -0.1981539730118252,
      -0.0014685029734359152,
      -0.4250391166683351,
      0.2368808577773524,
      -0.09123773685330544,
      -0.29862799146108343,
      0.4676176103054903,
      0.5373288281003161
    ],
    [
      -0.31426451017703183,
      -0.09610183581701437,
      -0.1677689717357764,
      0.09945775135234124,
      -0.4732528645218741,
      0.24408487454707703,
      0.2707119082617541,
      -0.2729774434993651,
      -0.4695398013661952,
      -0.4496098707239965
    ],
    [
      -0.31925029519733306,
      -0.11402893617656493,
      -0.11148036212427302,
      0.3581531380303647,
      -0.2649677274941165,
      -0.2109124628889171,
      0.055706721294909306,
      0.7834791966689891,
      0.11018841134418328,
      -0.024469762772983038
    ],
    [
      -0.32572590540387264,
      -0.18011863299482642,
      -0.04044983249250905,
      0.36269318762077185,
      0.2783492661355946,
      -0.27971243445235294,
      -0.3494465045539007,
      -0.20197468286448797,
      -0.5205050271746752,
      0.3724619443365569
    ]
  ],
  "S": [
    2353.5300140189474,
    109.33242230035152,
    99.58848906747994,
    30.089336506454543,
    27.59473427803303,
    22.06437228678623,
    10.462163671290009,
    8.175272761541223,
    2.9368661341693176,
    0.6604539248506334
  ],
  "Vt": [
    [
      -0.32882615085981776,
      -0.30622148473661737,
      -0.3049886205127288,
      -0.2942765587799485,
      -0.3042473647952801,
      -0.3111490585062468,
      -0.3167222506927069,
      -0.3271894445559256,
      -0.33184602856768186,
      -0.33409147568261016
    ],
    [
      -0.3904599306999841,
      -0.7222736095420442,
      -0.23621703136919683,
      0.14141959816103572,
      0.11956018886110042,
      0.1367757305610641,
      0.16253709479839065,
      0.262872251126124,
      0.26577765196426434,
      0.22561861561426155
    ],
    [
      -0.018971320135718676,
      0.009953491679997503,
      0.16238365981213299,
      -0.8881981311217453,
      -0.15671595766191088,
      0.16304908016089922,
      0.014019425730987448,
      0.18087074778960113,
      0.24384456047826297,
      0.20189306230700793
    ],
    [
      -0.4775761921326765,
      0.2717321117400625,
      0.11351361849293069,
      0.10762792878874693,
      0.11784230584382152,
      -0.0740742296746889,
      -0.5002544366810578,
      -0.2529788529781714,
      0.14153532280667586,
      0.5656453640709106
    ],
    [
      -0.5124903335132857,
      0.4347616792272043,
      -0.08333204015073672,
      0.09084759040085756,
      -0.23602219583858922,
      -0.23603107603756288,
      0.18250209942011306,
      0.4247550801831952,
      0.2963726835402744,
      -0.3466419174980032
    ],
    [
      -0.4906562631955773,
      0.06251494151137058,
      0.33799888282882407,
      -0.07164893804619535,
      0.2659527320610368,
      0.5060408619191348,
      0.2643112089832764,
      -0.16159951464266503,
      -0.40302246036815204,
      -0.22530283364255715
    ],
    [
      -0.07788848403489308,
      0.07800342209176586,
      -0.06131818513983364,
      0.012740807577697055,
      -0.36537420130029025,
      -0.2592573488390722,
      0.6200704994053708,
      -0.14879373262861936,
      -0.334646145926994,
      0.5143917575166644
    ],
    [
      0.0018111568379229506,
      0.06509589161146699,
      -0.19933324430393654,
      0.0036903752780301016,
      -0.08538529410479187,
      0.19872633610960658,
      0.27841888112189667,
      -0.6889309611564113,
      0.5776348197350295,
      -0.15304950429026784
    ],
    [
      0.01079884895955845,
      0.3156966389691357,
      -0.774474886191179,
      -0.19726138292608428,
      0.43717483586099415,
      0.1386696371131377,
      0.04600089207361979,
      0.08640065426084427,
      -0.17702763364983448,
      0.1011166202900525
    ],
    [
      0.03740391447478944,
      0.08774742299187539,
      -0.2178007707238285,
      0.20111503618317567,
      -0.6295586364014673,
      0.6439587317848386,
      -0.23564730394643252,
      0.12794890018525157,
      -0.11178261771652721,
      0.0871438579842842
    ]
  ],
  "n": 10,
  "m": 10,
  "original": [
    [
      254.0,
      254.0,
      239.0,
      228.0,
      229.0,
      236.0,
      253.0,
      255.0,
      254.0,
      254.0
    ],
    [
      254.0,
      240.0,
      228.0,
      238.0,
      232.0,
      228.0,
      237.0,
      252.0,
      254.0,
      254.0
    ],
    [
      246.0,
      229.0,
      237.0,
      128.0,
      203.0,
      237.0,
      227.0,
      247.0,
      255.0,
      254.0
    ],
    [
      182.0,
      153.0,
      195.0,
      205.0,
      221.0,
      231.0,
      230.0,
      249.0,
      255.0,
      255.0
    ],
    [
      243.0,
      187.0,
      208.0,
      240.0,
      230.0,
      232.0,
      249.0,
      255.0,
      253.0,
      245.0
    ],
    [
      255.0,
      255.0,
      237.0,
      228.0,
      229.0,
      234.0,
      241.0,
      240.0,
      238.0,
      228.0
    ],
    [
      252.0,
      232.0,
      227.0,
      230.0,
      230.0,
      229.0,
      228.0,
      229.0,
      228.0,
      241.0
    ],
    [
      250.0,
      229.0,
      230.0,
      230.0,
      230.0,
      230.0,
      231.0,
      230.0,
      231.0,
      248.0
    ],
    [
      253.0,
      239.0,
      229.0,
      230.0,
      230.0,
      230.0,
      230.0,
      231.0,
      248.0,
      255.0
    ],
    [
      254.0,
      254.0,
      238.0,
      229.0,
      230.0,
      230.0,
      231.0,
      248.0,
      255.0,
      254.0
    ]
  ]
}