{
  "U": [
    [
      0.15118577263484673,
      -0.1623253070009732,
      -0.03210195193318856,
      -0.4156365731197954,
      -0.039821168667337106,
      -0.33026018247644684,
      0.7878160475378269,
      -0.004701755717014411,
      -0.026200003522410826,
      -0.21210581221207545
    ],
    [
      0.19454986032836835,
      -0.022989691706904947,
      -0.2084903861264918,
      -0.443008334972099,
      -0.2734070855450722,
      0.005648195394403859,
      -0.17352336321607165,
      0.3412341188799536,
      -0.4931579788329091,
      0.5073046322138899
    ],
    [
      0.501251075634976,
      -0.6156614673577104,
      0.5388160784432161,
      0.03549586408922439,
      0.17144235555689116,
      0.19482504693505606,
      -0.08399905284869531,
      0.025295535676307795,
      -0.04339016129126936,
      0.034610731510727084
    ],
    [
      0.57046668787193,
      0.5928950742554714,
      0.3189573322795288,
      0.2585347847097526,
      -0.2579516087246192,
      -0.2931347586809634,
      0.02719279800755212,
      -0.004483851864335098,
      -0.034289514411267666,
      0.008175026121598303
    ],
    [
      0.31894336950977226,
      0.38395723906942375,
      -0.10457591673901871,
      -0.5191242505934649,
      0.5553484333967537,
      0.3025311779873088,
      -0.13266433643786477,
      -0.09268413606673089,
      0.17240485772655742,
      -0.1207279974016955
    ],
    [
      0.18535992394703915,
      -0.2136914980692594,
      -0.3291459279419319,
      0.09778078925528493,
      0.3754604553347977,
      -0.6934873077557137,
      -0.2551379530511824,
      -0.2574687494003181,
      0.051020547476522786,
      0.2149318259609829
    ],
    [
      0.2656890539109211,
      -0.06574418495194027,
      -0.44532886997423576,
      0.34502073625443413,
      0.13493167874147355,
      0.11696941274496804,
      -0.0039937473397502615,
      0.2907367015314289,
      -0.4432404470146002,
      -0.5429877005491501
    ],
    [
      0.26112471614506894,
      -0.039636142698486705,
      -0.3640538965944188,
      0.31591363851761595,
      0.034435903597016926,
      0.2634366144421411,
      0.3433493608467964,
      0.27447548908305874,
      0.4858290938082657,
      0.44504609289986474
    ],
    [
      0.2342871390079032,
      -0.09285464507960796,
      -0.2907128688996976,
      0.01357821670496865,
      -0.3597819508728464,
      0.31063425746834034,
      0.04205165192322928,
      -0.7808611247975481,
      -0.11661391429237424,
      0.027226357210066502
    ],
    [
      0.1812674890538709,
      -0.1869647901612543,
      -0.1697188820566025,
      -0.25458493521933095,
      -0.47907561910658053,
      -0.12242315617158736,
      -0.37292352061282896,
      0.1959284936186048,
      0.5240543410123559,
      -0.37679506276454505
    ]
  ],
  "S": [
    243.85068289662706,
    107.94577252426484,
    76.09880702347209,
    35.618113921953764,
    29.70252980941629,
    23.126776574472814,
    11.275932486503587,
    8.178450933187193,
    2.695005947166469,
    0.7009516877333183
  ],
  "Vt": [
    [
      0.21767794882278826,
      0.4626095943901692,
      0.3788776782027485,
      0.5458296398275834,
      0.36997457353145763,
      0.27021556759668575,
      0.24710966825213515,
      0.127638167208143,
      0.07879965094606703,
      0.06056954785461677
    ],
    [
      0.38347469074420215,
      0.6100723018734266,
      0.25058000088698074,
      -0.5849708602509395,
      -0.20558680711241298,
      -0.054745732225649546,
      -0.12392730191659636,
      -0.10078931276623002,
      -0.059534512297136674,
      -0.03812943115205347
    ],
    [
      0.2986949046875966,
      0.15431458394630954,
      -0.264928574393556,
      0.4940387393014502,
      -0.12726216896834477,
      -0.3993954135964405,
      -0.2377697423851397,
      -0.3703530662415265,
      -0.37899921384474433,
      -0.24425055459230205
    ],
    [
      0.4068595006657947,
      0.029314520648555345,
      -0.32330942230231485,
      0.10607548834705766,
      -0.2891054072380819,
      -0.338530238290993,
      0.2255290770244751,
      0.48809505334614134,
      0.4704885487482029,
      0.09581615156263572
    ],
    [
      -0.38913177871183596,
      0.32092816693970966,
      -0.013811322524542799,
      0.14826481866452582,
      -0.009111431911770114,
      -0.2420030971102704,
      -0.47415435227227726,
      -0.1004513814527274,
      0.3074296959922882,
      0.5790803021886671
    ],
    [
      -0.6128270015356228,
      0.4271958128953724,
      -0.07006365680967937,
      0.050670824535426345,
      -0.1965037336734494,
      -0.12640950154994962,
      0.17220721725481408,
      0.24386480984683287,
      0.006324220307070979,
      -0.5391770662967708
    ],
    [
      0.1478679278565017,
      -0.09856294845172629,
      0.038786691141818104,
      -0.0023610802669099934,
      0.29360611197878167,
      0.10845590107108005,
      -0.652201408354616,
      0.1793374139535102,
      0.39362898460957035,
      -0.5064295063458422
    ],
    [
      0.0004224711273251107,
      0.06566979064789723,
      -0.19995231766569374,
      0.00285778555897976,
      -0.07522768404887031,
      0.2116344382553036,
      0.26733429678058734,
      -0.6860704831386897,
      0.5802407076536378,
      -0.16251231044296308
    ],
    [
      0.017107549314479435,
      0.2855443961780244,
      -0.7196660299301899,
      -0.21436060792733894,
      0.5348474407044743,
      0.15851277488492707,
      0.03772656518783723,
      0.08315308765212166,
      -0.15995889667587632,
      0.09586136729026064
    ],
    [
      0.04088920344093549,
      0.08987707402399878,
      -0.2333260294416403,
      0.18449555821835287,
      -0.551772606905097,
      0.7025980745523593,
      -0.2518843946127028,
      0.13719424385600845,
      -0.11611829980185577,
      0.08900564672263658
    ]
  ],
  "n": 10,
  "m": 10,
  "original": [
    [
      1.0,
      1.0,
      16.0,
      27.0,
      26.0,
      19.0,
      2.0,
      0.0,
      1.0,
      1.0
    ],
    [
      1.0,
      15.0,
      27.0,
      17.0,
      23.0,
      27.0,
      18.0,
      3.0,
      1.0,
      1.0
    ],
    [
      9.0,
      26.0,
      18.0,
      127.0,
      52.0,
      18.0,
      28.0,
      8.0,
      0.0,
      1.0
    ],
    [
      73.0,
      102.0,
      60.0,
      50.0,
      34.0,
      24.0,
      25.0,
      6.0,
      0.0,
      0.0
    ],
    [
      12.0,
      68.0,
      47.0,
      15.0,
      25.0,
      23.0,
      6.0,
      0.0,
      2.0,
      10.0
    ],
    [
      0.0,
      0.0,
      18.0,
      27.0,
      26.0,
      21.0,
      14.0,
      15.0,
      17.0,
      27.0
    ],
    [
      3.0,
      23.0,
      28.0,
      25.0,
      25.0,
      26.0,
      27.0,
      26.0,
      27.0,
      14.0
    ],
    [
      5.0,
      26.0,
      25.0,
      25.0,
      25.0,
      25.0,
      24.0,
      25.0,
      24.0,
      7.0
    ],
    [
      2.0,
      16.0,
      26.0,
      25.0,
      25.0,
      25.0,
      25.0,
      24.0,
      7.0,
      0.0
    ],
    [
      1.0,
      1.0,
      17.0,
      26.0,
      25.0,
      25.0,
      24.0,
      7.0,
      0.0,
      1.0
    ]
  ]
}