{
  "U": [
    [
      0.1539273998847876,
      -0.09025357509135094,
      0.44160392777232904,
      0.06457530947051514,
      0.05974826321190762,
      -0.007355599474013355,
      -0.5326348061936501,
      -0.4289165407181613,
      -0.03654245152645,
      -0.04915821286000972,
      -0.38570750794093506,
      3.6008708719757413e-09,
      0.0
    ],
    [
      0.22359325262047236,
      0.03778936242583303,
      0.2911373396911339,
      -0.04691998409882095,
      0.17360636540854946,
      0.5420730174127608,
      0.10444779909530348,
      -0.0051182795997321,
      0.4464611512670616,
      -0.4190319815729608,
      -0.08136994940565509,
      5.759119127732397e-08,
      0.0
    ],
    [
      0.27946752799085156,
      0.18085741868426045,
      0.06940924899071833,
      -0.13250529801371633,
      0.016037560146755437,
      -0.05297823438498114,
      -0.039245560011578286,
      0.5158193667161708,
      -0.27864081101836025,
      0.20897487689095803,
      -0.6405561158676518,
      -2.9519735552995052e-08,
      0.0
    ],
    [
      0.33993503286444643,
      0.1817048937804512,
      0.2990750929344186,
      -0.2196377755862588,
      0.13913450453971912,
      -0.5954115477335659,
      0.5063612818203467,
      -0.26543053202453887,
      0.09671387521235662,
      -0.054877166416394736,
      0.025442635308000144,
      -1.2647544496257796e-08,
      0.0
    ],
    [
      0.33149032552210106,
      0.5520146823063566,
      -0.16662238759813286,
      0.2898524220597843,
      -0.6567230722142756,
      0.04771456819974006,
      -0.06545211578222022,
      -0.1565457752994705,
      0.07804755388341719,
      -0.06781415987749904,
      0.023956089247525677,
      6.405208718650583e-09,
      0.0
    ],
    [
      0.2934535326911638,
      0.40179313687690554,
      -0.007988840405730451,
      0.2818054105108379,
      0.561633509189169,
      0.24039482814833163,
      0.03779613533762389,
      0.17303439066446485,
      -0.18230282261091305,
      0.11199730116262166,
      0.27827839150678274,
      -5.5488115211591425e-08,
      0.0
    ],
    [
      0.17058034457856738,
      -0.3334975911752926,
      0.4172716841074031,
      0.6088284958337224,
      -0.08785769221264303,
      -0.10773114518253664,
      -0.003768118048801322,
      0.06477795223225749,
      -0.14806589180972163,
      0.24455022823779732,
      0.25390734279122557,
      -3.7555217346640466e-08,
      0.0
    ],
    [
      0.29772183843032535,
      -0.4805343422536142,
      -0.15913029628823974,
      0.14989138552179665,
      -0.19557669313778217,
      0.2010780069967231,
      0.46809248545113663,
      0.03692630752684058,
      -0.2483670416822283,
      -0.286565728384217,
      -0.2110318574654345,
      -3.865276592716829e-08,
      0.0
    ],
    [
      0.3203368732826485,
      -0.20847610108071668,
      -0.33554582449431886,
      0.07147675272584261,
      0.12897860690423874,
      -0.17807787521936003,
      -0.18580057442754414,
      0.057971674328855125,
      0.37518069450804886,
      0.092098086564514,
      -0.027380396888908386,
      5.380342451648631e-08,
      0.0
    ],
    [
      0.3203368732826485,
      -0.20847610108071668,
      -0.33554582449431886,
      0.07147675272584261,
      0.12897860690423874,
      -0.17807787521936003,
      -0.18580057442754414,
      0.057971674328855125,
      0.37518069450804886,
      0.092098086564514,
      -0.027380396888908386,
      5.380342451648631e-08,
      0.0
    ],
    [
      0.30862827562025674,
      -0.062056946037003666,
      -0.27063994307540845,
      -0.22407889859990807,
      0.14115226037578768,
      -0.022411227597706283,
      -0.27383294858032087,
      -0.27849551558600333,
      -0.5534583774527022,
      -0.3248099327952042,
      0.21792377876613947,
      -1.0120253511776049e-07,
      0.0
    ],
    [
      0.2679027823088971,
      -0.12315762288157747,
      0.038231045316079654,
      -0.41690231047872,
      -0.14522398038504541,
      0.40658360845096286,
      0.10759574157327273,
      -0.2625598492929259,
      -0.0018120479225940864,
      0.6723191017284271,
      0.13733221973359427,
      7.78921798986513e-09,
      0.0
    ],
    [
      0.21601618071038114,
      -0.10229817279334495,
      0.314335683457873,
      -0.37016903656595085,
      -0.2823186583906452,
      -0.08625812094276618,
      -0.25885618320497206,
      0.5159993660762378,
      0.039582985717983535,
      -0.20437269218218582,
      0.4228271032092937,
      -1.545956193343457e-08,
      0.0
    ]
  ],
  "S": [
    1021.875337095319,
    304.45042097243476,
    264.8476633244511,
    183.39787145379336,
    151.8988329289133,
    136.43052098079337,
    107.76118063375533,
    84.44907330041706,
    64.82216968017406,
    61.31820843111788,
    23.112240987153278,
    4.327478163276106e-06,
    0.0
  ],
  "Vt": [
    [
      0.05676896668361077,
      0.26821193002434224,
      0.3493058498935897,
      0.3620363088801932,
      0.4119350128401177,
      0.3620363088801934,
      0.3620363088801936,
      0.3286924048522268,
      0.27556467930006634,
      0.15566213581321026,
      0.12813451955583666,
      0.11394978269685782,
      0.04811910751824618
    ],
    [
      0.31730148079630655,
      0.5080940604744165,
      0.3129234540594475,
      -0.08780428201805819,
      0.0017200943319928808,
      -0.08780428201805784,
      -0.0878042820180582,
      0.05834060527058887,
      -0.09326425137359552,
      -0.37340600987483685,
      -0.33093094821697655,
      -0.42454641325225356,
      -0.2807463781361438
    ],
    [
      -0.11009694200681784,
      -0.3426419739791746,
      -0.27515034844954167,
      0.23612458700207054,
      0.40550974742618034,
      0.2361245870020698,
      0.23612458700207004,
      -0.10438035880481286,
      -0.2166358042627019,
      -0.4212845872161448,
      -0.4364414502512948,
      -0.1637159145696412,
      0.10234126811157633
    ],
    [
      0.27657994860230484,
      0.29742401729586615,
      0.11769049482061626,
      0.07310765698499114,
      -0.10653273947533112,
      0.07310765698499137,
      0.0731076569849911,
      -0.31243334737044537,
      -0.446911297292976,
      -0.19931699921746346,
      0.039370299894916735,
      0.5162312128503066,
      0.4343866529683308
    ],
    [
      -0.7565992142367712,
      0.2735958351403725,
      0.1580228447921509,
      -0.012740019307511773,
      0.12465521460271016,
      -0.012740019307511882,
      -0.012740019307512288,
      0.0066906108570951245,
      -0.5015436220477032,
      0.04030593225371348,
      0.14069194343238972,
      -0.017611083379136146,
      -0.19592389150035378
    ],
    [
      0.061203676237006566,
      -0.4208099114672573,
      0.46405174252687936,
      0.16126855050118713,
      -0.49336306358323573,
      0.16126855050118757,
      0.16126855050118782,
      0.24984189979330482,
      -0.3523629675140685,
      0.1763163898756125,
      -0.13659950739169482,
      -0.2022636365176743,
      0.07184184609152885
    ],
    [
      -0.10629171093454468,
      -0.2186615428675069,
      0.4440472574868867,
      -0.312869910375947,
      0.39196824958441895,
      -0.31286991037594586,
      -0.31286991037594686,
      0.20978868258136443,
      0.071189485471433,
      -0.0679587616810224,
      -0.17279756168999877,
      0.0903473578351972,
      0.45242691561578374
    ],
    [
      -0.32440273891403426,
      0.14338058821499444,
      -0.1435253575402547,
      0.031623735201329724,
      -0.43983886643131725,
      0.031623735201330695,
      0.03162373520132996,
      0.48437650437625007,
      0.27559752110575236,
      -0.48265182576856147,
      -0.15619727631856659,
      0.2706127846124307,
      0.12645428608454215
    ],
    [
      0.2107044857798963,
      -0.2571987971868915,
      0.0607420643458201,
      -0.06158944319411209,
      0.16220870107397348,
      -0.06158944319411407,
      -0.061589443194100445,
      0.23744214038195516,
      -0.1904457974292303,
      -0.08629745381787758,
      -0.08336226925354547,
      0.5732990428026588,
      -0.6421484844156016
    ],
    [
      -0.19353921587408698,
      0.14918675535103668,
      0.0922011722196579,
      0.026384002121573342,
      -0.10785956390997732,
      0.026384002121576704,
      0.026384002121576468,
      -0.30820114215436095,
      0.2175585345866978,
      0.41977187681711925,
      -0.7314930979380783,
      0.24346716978765456,
      -0.0719464516046637
    ],
    [
      0.18138940402396603,
      0.23521008196633872,
      -0.469278360261588,
      -0.06250625847015431,
      0.10261815756209867,
      -0.06250625847019323,
      -0.06250625847018187,
      0.5362681030645333,
      -0.35829622897540614,
      0.40643620266644886,
      -0.21747054354833326,
      -0.05399551640851851,
      0.1947853503997925
    ],
    [
      1.1201589031969715e-15,
      -4.274141269925476e-15,
      3.694664181253868e-15,
      0.4063855762776066,
      4.867602557643526e-16,
      0.4101081759441974,
      -0.8164937522218043,
      -1.4695029185641083e-15,
      6.839447590593021e-16,
      -2.736487158007284e-15,
      -2.1785331626910086e-16,
      6.388427671379624e-15,
      -8.084637890921782e-15
    ],
    [
      5.787521754156003e-15,
      5.650759098415133e-15,
      -1.3637942324308124e-14,
      -0.7081789534151567,
      3.666972534496645e-15,
      0.7060297094955621,
      0.002149243919589807,
      1.5271165417764762e-14,
      -1.0809160378241493e-14,
      1.0312796934044744e-14,
      -4.241515838103068e-15,
      -1.5550878753134998e-15,
      4.2277766508539885e-15
    ]
  ],
  "n": 13,
  "m": 13,
  "original": [
    [
      0,
      0,
      0,
      105,
      105,
      105,
      105,
      0,
      0,
      0,
      0,
      0,
      0
    ],
    [
      0,
      0,
      105,
      105,
      105,
      105,
      105,
      105,
      0,
      0,
      0,
      0,
      0
    ],
    [
      0,
      105,
      105,
      105,
      105,
      105,
      105,
      105,
      105,
      0,
      0,
      0,
      0
    ],
    [
      0,
      105,
      105,
      105,
      255,
      105,
      105,
      105,
      105,
      0,
      0,
      0,
      0
    ],
    [
      175,
      175,
      175,
      105,
      105,
      105,
      105,
      105,
      105,
      0,
      0,
      0,
      0
    ],
    [
      0,
      175,
      175,
      105,
      105,
      105,
      105,
      105,
      0,
      0,
      0,
      0,
      0
    ],
    [
      0,
      0,
      0,
      105,
      105,
      105,
      105,
      0,
      0,
      0,
      0,
      105,
      105
    ],
    [
      0,
      0,
      105,
      105,
      105,
      105,
      105,
      105,
      105,
      105,
      105,
      105,
      105
    ],
    [
      0,
      105,
      105,
      105,
      105,
      105,
      105,
      105,
      105,
      105,
      105,
      105,
      0
    ],
    [
      0,
      105,
      105,
      105,
      105,
      105,
      105,
      105,
      105,
      105,
      105,
      105,
      0
    ],
    [
      0,
      105,
      105,
      105,
      105,
      105,
      105,
      105,
      105,
      105,
      105,
      0,
      0
    ],
    [
      0,
      0,
      105,
      105,
      105,
      105,
      105,
      105,
      105,
      105,
      0,
      0,
      0
    ],
    [
      0,
      0,
      0,
      105,
      105,
      105,
      105,
      105,
      105,
      0,
      0,
      0,
      0
    ]
  ],
  "brightness_original": [
    [
      255,
      255,
      255,
      150,
      150,
      150,
      150,
      255,
      255,
      255,
      255,
      255,
      255
    ],
    [
      255,
      255,
      150,
      150,
      150,
      150,
      150,
      150,
      255,
      255,
      255,
      255,
      255
    ],
    [
      255,
      150,
      150,
      150,
      150,
      150,
      150,
      150,
      150,
      255,
      255,
      255,
      255
    ],
    [
      255,
      150,
      150,
      150,
      0,
      150,
      150,
      150,
      150,
      255,
      255,
      255,
      255
    ],
    [
      80,
      80,
      80,
      150,
      150,
      150,
      150,
      150,
      150,
      255,
      255,
      255,
      255
    ],
    [
      255,
      80,
      80,
      150,
      150,
      150,
      150,
      150,
      255,
      255,
      255,
      255,
      255
    ],
    [
      255,
      255,
      255,
      150,
      150,
      150,
      150,
      255,
      255,
      255,
      255,
      150,
      150
    ],
    [
      255,
      255,
      150,
      150,
      150,
      150,
      150,
      150,
      150,
      150,
      150,
      150,
      150
    ],
    [
      255,
      150,
      150,
      150,
      150,
      150,
      150,
      150,
      150,
      150,
      150,
      150,
      255
    ],
    [
      255,
      150,
      150,
      150,
      150,
      150,
      150,
      150,
      150,
      150,
      150,
      150,
      255
    ],
    [
      255,
      150,
      150,
      150,
      150,
      150,
      150,
      150,
      150,
      150,
      150,
      255,
      255
    ],
    [
      255,
      255,
      150,
      150,
      150,
      150,
      150,
      150,
      150,
      150,
      255,
      255,
      255
    ],
    [
      255,
      255,
      255,
      150,
      150,
      150,
      150,
      150,
      150,
      255,
      255,
      255,
      255
    ]
  ],
  "pattern": [
    "...####......",
    "..######.....",
    ".########....",
    ".###E####....",
    "BBB######....",
    ".BB#####.....",
    "...####....##",
    "..###########",
    ".###########.",
    ".###########.",
    ".##########..",
    "..########...",
    "...######...."
  ]
}