{
  "U": [
    [
      -0.35601837103947376,
      -0.6108383050499213,
      -1.1467009509290038e-16,
      4.365869450064865e-17,
      -1.8598386605526676e-16,
      1.3454395800507504e-16,
      -2.2412122077879875e-15,
      0.011290906347093614,
      -0.7014431539050376,
      0.08931686201246615
    ],
    [
      -0.3356318989457442,
      0.18463195995993367,
      1.3509633277720763e-15,
      -4.926204757509407e-17,
      -1.1525170538063923e-17,
      8.343385754620672e-17,
      5.284367548450784e-15,
      -0.5943587029491765,
      -0.08931686201246736,
      -0.7014431539050371
    ],
    [
      -0.2947327308441062,
      0.17586699941062736,
      0.7906359479904613,
      0.16842351316788837,
      0.26800325590966506,
      0.2934896566128797,
      0.14798556542384764,
      0.221065787841867,
      5.551115123125783e-17,
      1.1206313654810174e-15
    ],
    [
      -0.2947327308441062,
      0.17586699941062736,
      -0.30822259194949475,
      0.053059437331221045,
      -0.5366221458334752,
      0.4952269196845444,
      0.4497819848284244,
      0.22106578784186492,
      -5.273559366969494e-16,
      3.2855662635000726e-15
    ],
    [
      -0.2947327308441062,
      0.17586699941062736,
      -0.21200759044218562,
      -0.18216616373972405,
      0.3925542743005545,
      -0.5340657464197743,
      0.5620289351501739,
      0.22106578784186512,
      -6.106226635438361e-16,
      4.062722380737682e-15
    ],
    [
      -0.2947327308441062,
      0.1758669994106272,
      0.13436641498412596,
      0.40758170396955506,
      -0.4950553496730462,
      -0.5602410509968889,
      -0.30034366979332155,
      0.22106578784186576,
      9.992007221626409e-16,
      -2.4043267377038546e-15
    ],
    [
      -0.2947327308441062,
      0.1758669994106273,
      0.05739441377827909,
      -0.8020906408729509,
      -0.10784013288573348,
      0.04596540696986539,
      -0.41586957754286624,
      0.22106578784186567,
      1.2212453270876722e-15,
      -3.1537272793258353e-15
    ],
    [
      -0.2947327308441062,
      0.17586699941062725,
      -0.46216659436118884,
      0.3551921501440105,
      0.47896009818203544,
      0.2596248141493737,
      -0.4435832380662585,
      0.2210657878418645,
      1.3877787807814457e-15,
      -3.29250515740398e-15
    ],
    [
      -0.3356318989457442,
      0.18463195995993362,
      1.2298113801339463e-15,
      7.232252340307169e-17,
      -9.60015065945885e-17,
      -7.223492532950732e-17,
      -5.186742113899141e-15,
      -0.5943587029491764,
      0.08931686201246516,
      0.7014431539050373
    ],
    [
      -0.3560183710394739,
      -0.6108383050499212,
      4.256654272258407e-17,
      -1.8940516662995151e-16,
      1.326620912253761e-16,
      -1.730548162271929e-16,
      2.3593906251248334e-15,
      0.011290906347090872,
      0.7014431539050378,
      -0.08931686201246612
    ]
  ],
  "S": [
    2131.2546405003513,
    446.9112968292928,
    255.00000000000006,
    255.00000000000006,
    255.00000000000003,
    255.00000000000003,
    254.99999999999991,
    69.63440322197519,
    4.2040124144846095e-14,
    1.835888577369468e-15
  ],
  "Vt": [
    [
      -0.37709370837792744,
      -0.08519365343763208,
      -0.3418295757224309,
      -0.3418295757224309,
      -0.3418295757224309,
      -0.3418295757224309,
      -0.3418295757224309,
      -0.3418295757224309,
      -0.08519365343763197,
      -0.37709370837792755
    ],
    [
      0.11570813597517618,
      -0.6970679367150893,
      0.015361411316659107,
      0.01536141131665894,
      0.01536141131665894,
      0.015361411316659052,
      0.01536141131665894,
      0.015361411316658996,
      -0.6970679367150893,
      0.11570813597517621
    ],
    [
      -3.216204701051002e-16,
      3.573608357350833e-17,
      -0.7906359479904616,
      0.30822259194949436,
      0.21200759044218545,
      -0.13436641498412644,
      -0.057394413778279446,
      0.4621665943611885,
      1.7925132327146828e-16,
      -4.915221644241043e-16
    ],
    [
      0.0,
      -5.656388019350306e-17,
      -0.16842351316788834,
      -0.05305943733122111,
      0.1821661637397239,
      -0.40758170396955506,
      0.802090640872951,
      -0.3551921501440104,
      -4.289673371643162e-18,
      3.406278437304202e-17
    ],
    [
      -4.336808689942018e-19,
      -7.457990048366368e-17,
      -0.2680032559096653,
      0.5366221458334756,
      -0.3925542743005544,
      0.4950553496730462,
      0.10784013288573342,
      -0.47896009818203533,
      1.0536633593281291e-16,
      -1.3930213511102934e-16
    ],
    [
      -7.812765807508904e-19,
      1.1618397904199346e-16,
      -0.2934896566128796,
      -0.49522691968454446,
      0.5340657464197741,
      0.5602410509968891,
      -0.04596540696986538,
      -0.25962481414937383,
      6.434658515538427e-17,
      1.6421594005003275e-17
    ],
    [
      0.0,
      -8.541187963793435e-18,
      -0.1479855654238477,
      -0.44978198482842446,
      -0.5620289351501738,
      0.3003436697933217,
      0.4158695775428658,
      0.4435832380662585,
      1.520079220175196e-16,
      1.7577962369524567e-17
    ],
    [
      0.586866221869118,
      0.08269421393131032,
      -0.2226729325051661,
      -0.2226729325051654,
      -0.22267293250516546,
      -0.22267293250516562,
      -0.22267293250516562,
      -0.2226729325051653,
      0.08269421393130952,
      0.586866221869118
    ],
    [
      -0.1169049677784808,
      0.6973759592276696,
      -2.220446049250313e-16,
      1.1102230246251565e-16,
      5.551115123125783e-17,
      5.551115123125783e-17,
      2.220446049250313e-16,
      1.1102230246251565e-16,
      -0.6973759592276697,
      0.11690496777848014
    ],
    [
      -0.6973759592276696,
      -0.11690496777848042,
      -6.938893903907228e-18,
      -1.1102230246251565e-16,
      0.0,
      2.0816681711721685e-17,
      -2.0816681711721685e-17,
      6.938893903907228e-18,
      0.11690496777848047,
      0.69737595922767
    ]
  ],
  "n": 10,
  "m": 10,
  "original": [
    [
      255.0,
      255.0,
      255.0,
      255.0,
      255.0,
      255.0,
      255.0,
      255.0,
      255.0,
      255.0
    ],
    [
      255.0,
      0.0,
      255.0,
      255.0,
      255.0,
      255.0,
      255.0,
      255.0,
      0.0,
      255.0
    ],
    [
      255.0,
      0.0,
      0.0,
      255.0,
      255.0,
      255.0,
      255.0,
      255.0,
      0.0,
      255.0
    ],
    [
      255.0,
      0.0,
      255.0,
      0.0,
      255.0,
      255.0,
      255.0,
      255.0,
      0.0,
      255.0
    ],
    [
      255.0,
      0.0,
      255.0,
      255.0,
      0.0,
      255.0,
      255.0,
      255.0,
      0.0,
      255.0
    ],
    [
      255.0,
      0.0,
      255.0,
      255.0,
      255.0,
      0.0,
      255.0,
      255.0,
      0.0,
      255.0
    ],
    [
      255.0,
      0.0,
      255.0,
      255.0,
      255.0,
      255.0,
      0.0,
      255.0,
      0.0,
      255.0
    ],
    [
      255.0,
      0.0,
      255.0,
      255.0,
      255.0,
      255.0,
      255.0,
      0.0,
      0.0,
      255.0
    ],
    [
      255.0,
      0.0,
      255.0,
      255.0,
      255.0,
      255.0,
      255.0,
      255.0,
      0.0,
      255.0
    ],
    [
      255.0,
      255.0,
      255.0,
      255.0,
      255.0,
      255.0,
      255.0,
      255.0,
      255.0,
      255.0
    ]
  ]
}